$ANSIBLE_VAULT;1.1;AES256
37313338653263656364363361643239633535653966376166616331646236303035393936656335
3238343230306161313330313235323534616661376463650a306136376630626439613138393130
34386465643438643563393936316166616531373334323830646637393963633032656464326138
3362303230393439350a616239363332323933643139623961663131353465333833346134623463
63333234666564626163366132646331663430373964333237626238396262623066666462316661
64666438366337616639633663316462306334616135376661396537363261383330386563353635
37383939383135616438623532636334326337386164653836646537333864353535373631616439
61376231383035346533383032613939623961373831623036396332653733366539303731646261
62653034306234333366666261316165623231383837636231363363646233626138393631396332
31316131623936336635386165323963363431613334656137313137343662373865613938363034
65663138643230653735353633666261363963663463656564393466363639386162626131343535
66383134323863663463313230363863656235663932643730343031643266383131316465343936
62633332333538313034336531363666353662643532623066613738323162393031373533373136
38666432396663353534636239353337353137396635613161393037333534366532333766313163
39643563323266393738393736393432396536303732303935373964303730376336613266386331
38353435303636643037663835653364656434613165366638333464313534346232333833393063
64623363373565323662333261636636313762393038613562323632393431336364626135626662
66353237363364323563336336303831623538386433326439663363653163316633336336613732
62646632373765356136346430613166396332353533386230643733643835323833613164363461
30326463643330663636653732313334303465383466356330353865643230333932633463333232
6431
